name	count	identity	evolved_interaction	ancestral_interaction	stability
T523A_com_A	17	0.998887652948	-26.4923582874	-26.4923582874	-561.136800515
T635D_com_A	19	0.998887652948	-26.4923582874	-26.4923582874	-561.136800515
S415T_com_A	22	0.998887652948	-26.4923582874	-26.4923582874	-561.140034105
S89K_com_A	26	0.997775305895	-26.4923582871	-26.4923582871	-561.660813936
N656Y_com_A	32	0.996662958843	-26.4923582874	-26.4923582874	-562.834192213
K194T_com_A	38	0.995550611791	-26.4923582873	-26.4923582873	-564.526159962
L26E_com_A	39	0.994438264739	-26.4923582873	-26.4923582873	-564.862461648
R551K_com_A	40	0.993325917686	-26.4923582874	-26.4923582874	-564.864217691
H428Y_com_A	41	0.992213570634	-26.4923582873	-26.4923582873	-565.023976236
T775S_com_A	65	0.991101223582	-26.4923582873	-26.4923582873	-565.528945976
