name	count	identity	evolved_interaction	ancestral_interaction	stability
S355N_com_A	9	0.998887652948	-26.6756401275	-26.6756401275	-621.062646607
E1246A_com_B	74	0.996662958843	-27.4362064979	-27.4362064979	-591.999764565
R1346I_com_B	128	0.992213570634	-27.4362064979	-27.4362064979	-595.8752805
E306K_com_A	161	0.992213570634	-27.4362064983	-26.6756401276	-625.306607562
H1760A_com_B	214	0.986651835373	-27.4362064981	-27.4362064981	-597.596655294
R858L_com_A	257	0.987764182425	-27.4362064981	-26.6756401276	-627.175152501
H105N_com_A	322	0.984427141268	-27.6487144656	-26.6759092672	-629.611425818
D624I_com_A	369	0.982202447164	-28.2264279245	-26.6759092672	-630.574076332
D257E_com_A	401	0.978865406007	-28.8872233875	-27.3367047303	-631.556277239
R1402K_com_B	426	0.974416017798	-28.9880472897	-28.2261587851	-587.507870486
H1004F_com_B	491	0.972191323693	-29.0320379772	-28.2701494726	-585.075448707
R1384M_com_B	505	0.968854282536	-29.0320379771	-28.2701494724	-585.513899334
C1770A_com_B	542	0.966629588432	-29.032037977	-28.2701494724	-586.596628097
S109E_com_A	570	0.966629588432	-29.0320379772	-27.4043381416	-649.699479304
R1316D_com_B	633	0.959955506118	-30.1344531503	-28.2899679534	-586.371893456
V892E_com_A	667	0.963292547275	-30.8884405249	-28.486934834	-649.296615782
I1448L_com_B	703	0.953281423804	-30.8884405247	-29.0463325354	-577.59031889
D1093V_com_B	721	0.952169076752	-30.9368685752	-29.0463325353	-577.971442445
V354Q_com_A	756	0.952169076752	-31.1945393694	-28.7783615183	-648.784199419
R426K_com_A	792	0.948832035595	-31.1945393692	-28.7783615184	-649.642245728
E1125D_com_B	854	0.945494994438	-31.3305647294	-29.0463325352	-587.222212642
V981G_com_B	883	0.942157953281	-31.3709279419	-29.0866957477	-590.228675388
N840S_com_A	927	0.939933259177	-31.3709279416	-28.9143868786	-652.421638147
V4S_com_A	987	0.93659621802	-31.3709279417	-28.9143868783	-652.30531302
V619A_com_A	1032	0.933259176863	-31.3709279418	-28.9143868785	-658.037465132
S409K_com_A	1064	0.929922135706	-31.3709279418	-28.9143868787	-659.248315228
D1532L_com_B	1085	0.933259176863	-31.3709279417	-29.0866957476	-597.432509176
D997H_com_B	1100	0.931034482759	-31.3954143356	-29.1111821413	-596.232611191
E431K_com_A	1191	0.919911012236	-31.5287392372	-29.0477117804	-658.168757792
D1615K_com_B	1223	0.928809788654	-31.5287392373	-29.1111821411	-597.0078215
L782T_com_A	1270	0.914349276974	-31.5287392372	-29.0477117802	-662.515365517
D1644S_com_B	1312	0.923248053393	-31.9382260407	-29.5206689448	-597.935241141
F65E_com_A	1352	0.908787541713	-31.9382260407	-29.0477117803	-666.600578048
F1326N_com_B	1398	0.921023359288	-31.938226041	-29.5206689448	-599.147581733
H84A_com_A	1457	0.901001112347	-31.9382260408	-29.0477117806	-670.555879255
L1495I_com_B	1494	0.917686318131	-31.9761770845	-29.5586199883	-595.631532581
D1739I_com_B	1546	0.916573971079	-32.041282949	-29.5586199886	-596.286772536
K535D_com_A	1632	0.895439377086	-32.084157514	-29.1371764542	-672.958584201
N220A_com_A	1691	0.890989988877	-32.2770856811	-29.2573169711	-669.01674184
N1173L_com_B	1740	0.911012235818	-32.3332041287	-29.5862754632	-597.721632347
