name	count	identity	interface_identity	non_interface_identity	evolved_interaction	ancestral_interaction	stability
S355N_com_A	9	0.998887652948	1.0	0.998684210526	-26.6756401275	-26.6756401275	-621.062646607
E1246A_com_B	74	0.996662958843	0.992700729927	0.997375328084	-27.4362064979	-27.4362064979	-591.999764565
R1346I_com_B	128	0.992213570634	0.985401459854	0.99343832021	-27.4362064979	-27.4362064979	-595.8752805
E306K_com_A	161	0.992213570634	1.0	0.990789473684	-27.4362064983	-26.6756401276	-625.306607562
H1760A_com_B	214	0.986651835373	0.985401459854	0.98687664042	-27.4362064981	-27.4362064981	-597.596655294
R858L_com_A	257	0.987764182425	1.0	0.985526315789	-27.4362064981	-26.6756401276	-627.175152501
H105N_com_A	322	0.984427141268	0.992805755396	0.982894736842	-27.6487144656	-26.6759092672	-629.611425818
D624I_com_A	369	0.982202447164	0.985611510791	0.981578947368	-28.2264279245	-26.6759092672	-630.574076332
D257E_com_A	401	0.978865406007	0.978417266187	0.978947368421	-28.8872233875	-27.3367047303	-631.556277239
R1402K_com_B	426	0.974416017798	0.971014492754	0.975032851511	-28.9880472897	-28.2261587851	-587.507870486
H1004F_com_B	491	0.972191323693	0.95652173913	0.975032851511	-29.0320379772	-28.2701494726	-585.075448707
R1384M_com_B	505	0.968854282536	0.95652173913	0.971090670171	-29.0320379771	-28.2701494724	-585.513899334
